H2_ent = [298 0;
			300 0.027;
			400 1.468;
			500 2.920;
			600 4.374;
			700 5.832;
			800 7.298;
			900 8.776;
			1000 10.27;
			1100 11.78;
			1200 13.30;
			1300 14.84;
			1400 16.41;
			1500 18.00;
			1600 19.62;
			1700 21.25;
			1800 22.91;
			1900 24.58;
			2000 26.27;
			2100 27.98;
			2200 29.71;
			2300 31.45;
			2400 33.21;
			2500 34.99;
			2600 36.78];
			
	Air_ent = [298 0;
			300 0.0019;
			400 0.1028;
			500 0.2051;
			600 0.3088;
			700 0.4151;
			800 0.5234;
			900 0.6347;
			1000 0.7478;
			1100 0.8637;
			1200 0.9797;
			1300 1.098;
			1400 1.216;
			1500 1.377;
			1600 1.459;
			1700 1.582;
			1800 1.705;
			1900 1.829;
			2000 1.952;
			2100 2.079;
			2200 2.205;
			2300 2.334;
			2400 2.458;
			2500 2.585;
			2600 2.714];